10000     0.000000000000
20000     0.000000238419
30000     0.000000238419
40000     0.000000238419
50000     0.000000238419
60000     0.000000238419
70000     0.000000000000
80000     0.000000238419
90000     0.000000476837
100000    0.000000000000
110000    0.000000000000
120000    0.000000238419
130000    0.000000238419
140000    0.000000476837
150000    0.000000000000
160000    0.000000238419
170000    0.000000238419
180000    0.000000238419
190000    0.000000238419
200000    0.000000476837
