10000			4.76837e-07			205			    2.38419e-07		    232
20000			4.76837e-07			1032			4.76837e-07			968
30000			4.76837e-07			2195			2.38419e-07			2098
40000			2.38419e-07			3875			2.38419e-07			3752
50000			2.38419e-07			5841			2.38419e-07			5719
60000			4.76837e-07			8219			0			        8114
70000			4.76837e-07			11007			2.38419e-07			10911
80000			2.38419e-07			13954			2.38419e-07			14020
90000			0			        17173			0			        17527
100000			2.38419e-07			20931			2.38419e-07			21309
110000			2.38419e-07			25044			2.38419e-07			25350
120000			4.76837e-07			29391			0			        29730
130000			4.76837e-07			34010			2.38419e-07			34285
140000			7.15256e-07			38832			2.38419e-07			39205
150000			4.76837e-07			43792			0			        44335
160000			4.76837e-07			49096			2.38419e-07			49743
170000			7.15256e-07			54637			2.38419e-07			55355
180000			4.76837e-07			60473			2.38419e-07			61151
190000			4.76837e-07			66381			2.38419e-07			67191
200000			2.38419e-07			72525			2.38419e-07			73301
