10000    0.0000050067902
20000    0.0000019073486
30000    0.0000028610229
40000    0.0000050067902
50000    0.0000033378601
60000    0.0000045299530
70000    0.0000030994415
80000    0.0000054836273
90000    0.0000026226044
100000    0.0000052452087
110000    0.0000035762787
120000    0.0000050067902
130000    0.0000026226044
140000    0.0000059604645
150000    0.0000033378601
160000    0.0000069141388
170000    0.0000035762787
180000    0.0000064373016
190000    0.0000040531158
200000    0.0000035762787
210000    0.0000028610229
220000    0.0000033378601
230000    0.0000028610229
240000    0.0000042915344
250000    0.0000061988831
260000    0.0000030994415
270000    0.0000064373016
280000    0.0000033378601
290000    0.0000057220459
300000    0.0000042915344
310000    0.0000052452087
320000    0.0000045299530
330000    0.0000050067902
340000    0.0000028610229
350000    0.0000052452087
360000    0.0000030994415
370000    0.0000035762787
380000    0.0000026226044
390000    0.0000033378601
400000    0.0000021457672
410000    0.0000033378601
420000    0.0000071525574
430000    0.0000035762787
440000    0.0000081062317
450000    0.0000033378601
460000    0.0000052452087
470000    0.0000042915344
480000    0.0000054836273
490000    0.0000026226044
500000    0.0000059604645
510000    0.0000035762787
520000    0.0000052452087
530000    0.0000033378601
540000    0.0000052452087
550000    0.0000030994415
560000    0.0000047683716
570000    0.0000028610229
580000    0.0000033378601
590000    0.0000050067902
600000    0.0000033378601
610000    0.0000059604645
620000    0.0000035762787
630000    0.0000066757202
640000    0.0000042915344
650000    0.0000059604645
660000    0.0000023841858
670000    0.0000059604645
680000    0.0000035762787
690000    0.0000052452087
700000    0.0000042915344
