Elements    Radix       Odd-Even    Merge
50000       0.004891    1.637016     0.009523
100000      0.014869    5.730029     0.023011
150000      0.029805    8.881882     0.030703
200000      0.049676    25.564802     0.042693
250000      0.074622    16.645428     0.053689
300000      0.104396    48.417944     0.065245
350000      0.138718    37.281437     0.076586
400000      0.177978    62.794064     0.090344
450000      0.222994    50.499579     0.102723
500000      0.272851    96.084453     0.114568
550000      0.328819    96.045763     0.127272
600000      0.389693    135.951594     0.142204
650000      0.454372    181.457781     0.155734
700000      0.526099    114.547194     0.166223
750000      0.608587    281.099047     0.176999
800000      0.693990    315.248938     0.187697
850000      0.782593    151.291135     0.200662
900000      0.881838    349.913031     0.212250
950000      0.982635    375.827807     0.228865
1000000     1.087104    185.872654     0.243496
